[ 2, 6 ]
2
[ 2 ]
2
[ 100, 100, 100, 100, 100 ]
5
[ 100, 100, 100, 100, 100, 30 ]
10
[ 100, 100, 100, 100, 100, 30 ]
[ 2 ]
[ 100, 100, 100, 100, 100, 30 ]
6
[ 100, 100, 100, 100, 100, 30, 10 ]
12
[ 100, 100, 100, 100, 3, 3, 4, 4, 4, 100, 30, 10 ]
12
[ 8, 8, 8, 8, 8 ]
[ 8, 8, 3, 3, 3, 3, 3, 2, 8, 8, 8 ]
11
[ 8, 8, 3, 3, 100, 100, 100, 3, 3, 3, 2, 8, 8, 8 ]
[ 8, 8, 8, 8, 8 ]
8
[ 8, 8, 8, 0, 0, 0, 0, 0, 0, 0 ]
22
[ 8, 8, 8, 999, 999, 999, 999, 999, 999, 999, 999, 999, 999, 999, 999, 999, 0, 0, 0, 0, 0, 0, 0 ]
44
[ 100, 100, 100, 100, 3, 3, 4, 4, 4, 100, 30, 10 ]
12
[ 100, 100, 100, 100, 3, 3, 4, 4, 4, 100, 30, 10, 10, 30, 100, 4, 4, 4, 3, 3, 100, 100, 100, 100 ]
24
4611686018427387903
test9 : [ 1, 1, 1, 1, 1, 1, 1, 1, 1, 1 ]
test10 : [ 0, 0, 0, 0, 0, 0, 0, 0, 0, 0 ]
test9 : [ 0, 0, 0, 0, 0, 0, 0, 0, 0, 0 ]
test10 : [ 1, 1, 1, 1, 1, 1, 1, 1, 1, 1 ]
